0.9632505655262444,0.9348765922688556,0.6561461901649546,0.5598693529746068,0.3105752965176065,0.862089252097997,0.8356725879165674,0.4067382394173824,0.8109964237004283,0.8834680262726882,0.46771889740157135,0.06015967908632325,0.02421502553908872,0.5846034370193596,0.6430901521736658,0.40898097815985723,0.5360224494013692,0.5481147499238499,0.4827528133666179,0.8838520022755043,0.9098072964874255,0.9794799212485856,0.6822413273092383,0.6764621164448945
0.14052371796420005,0.6346361066022383,0.9024399541176833,0.9784291071502398,0.28954311773279384,0.5567329491241972,0.5493355366309347,0.7359899794520353,0.9121557457864491,0.22901008244599041,0.6807901953546331,0.17321385341889473,0.32177206761934873,0.8228255647309324,0.03696699903374756,0.45938749931174794,0.8074415156082997,0.07028959140022639,0.24299337771634133,0.5790869641316547,0.6839604370675696,0.7389475647369474,0.3898866553425766,0.19809518343004684
0.9406889111583769,0.6592001078982843,0.07943191475942579,0.08555208657191549,0.3529393261818672,0.859659007708448,0.7061102817054068,0.4509582542900268,0.18116444605637017,0.7042670465437806,0.20822030009486991,0.20095619402234433,0.5150625118727832,0.23153786385551034,0.6429594633824218,0.1947460807043837,0.2464573843975999,0.16531201516570726,0.7313438463439883,0.3270293397358812,0.4800268553731508,0.680509142433984,0.712069757457573,0.31498628611805013
0.6268110371169053,0.05222386143466817,0.18400863386522448,0.4399368549373466,0.15784847399194524,0.43325457321318694,0.6091151149400917,0.3562001830038719,0.9798789304441491,0.48537457136934403,0.45647407253625216,0.11982203482772125,0.6713324939693717,0.032013086369909516,0.2627841082322211,0.441874797379326,0.03475188924077499,0.37582816930115426,0.28737077366511987,0.3984228436595869,0.8511317299693564,0.5671378600376542,0.9912812417365795,0.1672518826135463
0.02980562081463245,0.7263386482409304,0.06229693131287295,0.8598537838041449,0.994548507124505,0.49598530385400497,0.9559228527182821,0.4104358700435833,0.14484651366654022,0.039959659188290475,0.466759680028481,0.5860750909768577,0.3912409883286845,0.3094055529326889,0.7250742968728932,0.5110475257630351,0.6927947374915244,0.5798596301657859,0.16668884188477073,0.07814052071425315,0.15529576459174055,0.64641046918406,0.6782117078280228,0.7509960131363707
0.9341418261701153,0.11788407217942076,0.6542543758361665,0.9714552458013674,0.9140069069887888,0.6468992486992033,0.6370899974224684,0.3138630505604745,0.8869711115027574,0.7536582896764821,0.9494893814059826,0.23651955731638385,0.805831504872774,0.4409449944242603,0.6610331790136026,0.7925438734511607,0.8566724666342924,0.8486046965876806,0.177934249720187,0.8103296031594285,0.28593228565124984,0.4097815880216955,0.8978807121573837,0.37103377234688306
0.1528760630974535,0.1926066304411045,0.4156733837207893,0.7708152571284863,0.3643723271464463,0.9847892863936438,0.889846345387044,0.9495996060703062,0.18070774264205025,0.5198178184928011,0.5293911484451064,0.544384470402985,0.008909314618796627,0.3125226542211925,0.4572670269898662,0.7644212912367421,0.40070855361197877,0.2404833832304727,0.14985377830262947,0.043171834692903754,0.15367707832861544,0.49037758050647406,0.6908203835943043,0.3306152265174802
0.2387418929909111,0.21630015769357436,0.9598882545564269,0.22583922694914427,0.7954235155131615,0.8666957311982217,0.15002284899339724,0.12141708073041002,0.4286634191505998,0.9659025833738402,0.8608596298066744,0.03392332889043792,0.5237201308724664,0.24995910804633126,0.010505970444360635,0.017736489537128364,0.05622606579542855,0.7648969377305082,0.9761417552591378,0.09129495663068243,0.22931946131152858,0.05548765596686267,0.3834870727716648,0.4476633118277078
0.875858243444944,0.9164699286055549,0.6413496241763559,0.2741105983496521,0.22472764142234603,0.9981674374452485,0.7866068961546908,0.4148397100149821,0.13618543593533272,0.44591548927912195,0.45190897131648766,0.26979961284654763,0.3371800468510229,0.12476960234147616,0.9435129739190853,0.5386867305898484,0.8256828191780572,0.4093920271201721,0.48381223775749294,0.6335851692306893,0.8267488598774448,0.1421840676669024,0.8313674588590687,0.09969311962571181
0.7556194776077085,0.3013922143657033,0.14107347707724172,0.9272958504238538,0.6401186249450845,0.24504531007338137,0.2632915975626411,0.0908872883015781,0.3167058479017366,0.43007417039805573,0.21253813692430779,0.49738851260380845,0.45213662427186585,0.40697314520429284,0.9841597581198491,0.5794251743121159,0.10132127832723037,0.13675661241085946,0.468889630985474,0.5317531202073327,0.029394282114401538,0.7428427376581825,0.37571551079391985,0.28125370468485267
0.6918595553704565,0.5376611799226214,0.21292495656945443,0.4853143529781858,0.0572502677536606,0.8118549898474099,0.7091411589971297,0.5649594804701115,0.6872330970310294,0.5491315725653989,0.397554691002421,0.8399025662697914,0.07298115831998664,0.3469408494382402,0.07501063103184857,0.33399969545104846,0.9331061513228955,0.9010428826048815,0.6682702053406695,0.8962198206219429,0.5322076904653852,0.7338034644308515,0.18260846810556686,0.25259420631082863
0.766436468382492,0.8160754588401178,0.42475775717265307,0.4248365297108867,0.8731697840180437,0.012670300119485,0.5752021069479374,0.02494516188875484,0.6861299586071525,0.20522136019266046,0.14255704264370106,0.7403256086676082,0.9474106239900544,0.20529735594631315,0.4747721722668732,0.27168483249980535,0.8070276085514481,0.07625554671062518,0.8961031724644339,0.18990476855011051,0.6212796477603888,0.7918152658018898,0.6923471302154443,0.13653189902402985
0.04579310396926273,0.1298982685172554,0.2578715541126704,0.8902767490134946,0.7713631652064481,0.7796026388740251,0.5674979550446655,0.4921842934855061,0.40975303221673265,0.9354838791363824,0.7650530704405332,0.3470265616658632,0.8451385640181053,0.4405522547115679,0.22467572602157615,0.744183820694825,0.13872765627009231,0.47802671204493796,0.3816399570390694,0.2611501357376951,0.9367082417444796,0.8341766842392255,0.7959191850588285,0.5863446821694369
0.14039890945338063,0.7272322971419241,0.7968007289501673,0.7963282240951655,0.057564608976466314,0.4809148090582882,0.10142233741879614,0.44078355305487493,0.4938094428827404,0.5682456553790554,0.7962042431644774,0.5693708053586868,0.9267640536325279,0.49419004086056817,0.6610770899996048,0.7548173657535802,0.4683605100829049,0.06208391141257641,0.11304121020637492,0.6493638737971505,0.952922048307153,0.7791356982680109,0.3647473525588578,0.6457930166652803
0.8881808426072892,0.5339741891023897,0.08584338302021521,0.5258874595434564,0.2502356580911258,0.4915679925090146,0.14129716435372597,0.3145326691670596,0.6444061281164177,0.26045351803749295,0.6745581969290124,0.0992207834689327,0.2753200407905878,0.6316175052117421,0.19146259452760916,0.6381105552893103,0.5666109837871163,0.01109860530854534,0.4627598563751094,0.9065549586027333,0.44695838370965024,0.32632211944644496,0.5782651914097834,0.794496513281272
0.9778497289711854,0.31394614547338984,0.07970208396000356,0.48307347680803425,0.36859246983621463,0.7731569214450051,0.33753409810043,0.9489161859848785,0.784675426769551,0.0013258064063890185,0.6120743682355969,0.881826891501448,0.25647160251682566,0.34174244751952143,0.3726977158260476,0.918295074085443,0.8262599550315057,0.6631541335919313,0.4395390220051074,0.2457508593046962,0.5308947451442598,0.5191760429006367,0.04430573304870311,0.8541859509479521
0.5328121057712119,0.6338934271937098,0.5071694219706897,0.6998160108094149,0.4726109115457715,0.9254017737788853,0.05108090591741821,0.06493579042367426,0.03058249002849256,0.6124273692107047,0.08671293935304347,0.8297600189833649,0.6167467479902138,0.6207149791033639,0.37306005262560915,0.6110466605590521,0.5398291421436305,0.3235181760632344,0.5703517808921317,0.9179289956311565,0.5808750288839128,0.6742853703898055,0.23258601923407163,0.39885256700859295
0.21152252358894263,0.9182844773335497,0.5369462696060934,0.5927070746087932,0.36951106784059884,0.3163387879852444,0.5909828298936095,0.3453714459195405,0.20172319922923854,0.3052611837671608,0.9088618848466221,0.572444813105593,0.6585022571687278,0.8067581213077264,0.6545266209198017,0.5049345753901451,0.3434472186089268,0.11366498745649412,0.3027135211606493,0.8366552412469741,0.19634581236997284,0.494989138113914,0.3334978878126529,0.2683825607178365
0.6100900849849298,0.08802241895349572,0.8004879214372409,0.5975616099207979,0.6264462195940239,0.7735171059178569,0.1922481551057591,0.15160839818107275,0.2047716314324668,0.7781874397830968,0.08476771864789989,0.509332638199766,0.17036272707313604,0.018826794497235122,0.9455207463052329,0.07695392916690524,0.6968276973185885,0.5122357099720383,0.5933357703543032,0.1821058661630679,0.376178243800394,0.19799262421250807,0.15628350819120618,0.05810606227785686
0.6603628754197342,0.4128344921549245,0.4315970100487738,0.12442583463700219,0.589811641592092,0.3408918728602439,0.5806980519185101,0.18322616824726,0.9141929991299398,0.08423038622114265,0.7278273133867563,0.43146907474521523,0.6944765002923625,0.3724465662819809,0.3280324523900502,0.6515503608079067,0.7027307335679518,0.12700703740078922,0.30758225550048834,0.8052776388587151,0.08216342698941448,0.77112699796766,0.7241370771935869,0.8901520624786969
0.17362806543611753,0.7971148065334033,0.7920450111434669,0.6528339545360229,0.3917237183214006,0.6561791832968391,0.42090733742097464,0.5801540022988483,0.8728179800960438,0.3191316065318557,0.9131711262904649,0.5970587711778188,0.04410192920932032,0.710166444956039,0.6071466040052234,0.5808431862943944,0.3692573644686663,0.42964535829624717,0.3857044058401804,0.5542053467458603,0.6867017299054514,0.3837914598296408,0.5797803007097451,0.4779224479204134
0.4816241187450785,0.4527723420666725,0.7696785825204406,0.9728591749929176,0.3056733501826048,0.8667775427209237,0.2636515023444437,0.48222053977941415,0.6997574885470852,0.7012858829111879,0.951771932922773,0.3286146787555888,0.04222253634608775,0.23503611913643963,0.9491567978838868,0.24654808766056435,0.34992399517864303,0.5025520278305187,0.3997951097619834,0.7154490927981578,0.45588155949823794,0.5906249946147686,0.4449676775859883,0.3640255029654811
0.2895285659281135,0.8802488368094077,0.8375149547470673,0.6628563481798131,0.21116338191056228,0.48674691668164205,0.030342863072384763,0.9613716655714932,0.2267991867172756,0.396112806301109,0.7245267784981493,0.7694303263152915,0.5162918395464375,0.9287529440461659,0.1790778986461561,0.6042504421357326,0.8190971432931204,0.6792710859634841,0.5724277338122237,0.797725280690766,0.38677342322627584,0.8565576705027687,0.44498145387449495,0.979922717463074
0.3465954214571665,0.4634591519388709,0.6133595362334596,0.46503890057999486,0.7776517052579088,0.2888161177069257,0.4628889223130488,0.8048307891338664,0.05280410132488722,0.16882007719365744,0.9476836804528779,0.5345531067918736,0.002918112912630777,0.3319305965961703,0.303621831273589,0.7506176331083765,0.8611375709162485,0.9663774865432906,0.4049952755927546,0.20473348068331343,0.63230399258281,0.6366225233444975,0.2959338964358742,0.45474129941246777
